00000100001000000000000000000001
00011100001100001000000000000000
00111000010000000000000000000000
00000100010000010000000000000001
00111100010000000000000000000000
00000000010100001100010000101010
00100100010100000000000000001101
01000000000000000000000000000000
00011100011000000000000000000000
00011100011100000000000000000000
00000000100000011100001100101010
00100100100000000000000000000100
01000000000000000000000000000000
00000100011100011100000000000001
00000000011000011000001000100000
00110000000000000000000000001010
01000000000000000000000000000000
00011100001000011000000000000000
00000100001100001100000000000001
00110000000000000000000000000101
01000000000000000000000000000000
00111100001000000000000000000000
01000100000000000000000000000000
