00000100000100000000000000000001
00011100001000000000000000000000
00011100001100000100000000000000
00111000010000000000000000000000
00111100010000000000000000000000
00000000011000000100010000101010
00100100011000000000000000000110
01000000000000000000000000000000
00000000010100001000001100100000
00011100001000001100000000000000
00011100001100010100000000000000
00000100000100000100000000000001
00110000000000000000000000000101
01000000000000000000000000000000
00111100001100000000000000000000
01000100000000000000000000000000